image: /root/maps/pursuer_and_evader_s.pgm
resolution: 0.100000
origin: [-30.000000, -27.500000, 0.000000]
negate: 0
occupied_thresh: 0.65
free_thresh: 0.196

